$ANSIBLE_VAULT;1.1;AES256
37353932623136373961636161326464373237646633666438616562613439356162623536323532
3136383362393663326464313136323438623430623539630a663637343261303232353664336464
66623630323236613433626137373035643965643239623566376539656432333136316133613831
3039366232333935330a366563663262353238356265656238616162366532323135323661333632
62333262313061353338383232643637366562386437663666313131643034616432383530643935
38303132346164326661346262633336623536383563336236643334383930316332636362353438
32316563333162326333633639636334343564376665356364643330626330396136313337383732
32663462353766326536333930663937653161386464623765623430373264353133353266343334
62336433313434313965316165393433336130333633323231356439323865346536666130356330
63643435656131643761633339376435313633326661316430653034366236626665353636656163
32353765616663653031613231363232303835303962393335633535396331316532613462316333
32373866346534373339656630316138373464303939376430346636386634363031306531373861
61613662373262663161383034613764323737363233373732623638653832363036636234326238
31626136623231653333386330303864623761373763646663303033303665376534353363363137
38656330396539353762383034303830623362366165373865633463656233336430383937363535
33343536363537663263653335396331303639633161383464386532376437363664306263623531
39376535383566396263373263316539316634313163313963313739393839623732353762326532
35343737376466333236396235316235616439313763616639646564323365643230376236303665
33343135363561376439623566643864633263366564363631633366326563656163313133343365
31633938376264613931653732393464353638626162616235636432363639646338653865386234
35333263633165663963323539313735366366643732333236666539353237303463643362363331
36313562653037643663333737666262353866326236653365316366613061613130346432303261
64623732383964376261616135623465313066643565336564653134313861666538663039303762
31623066666335316664333132386365623563376437363163333863343632663337303433616233
32663437326663393465393162306464303836393435383237396163616530646336323131323537
62643835383036663330343530386535366338343863323835303734353561336436366139373064
65343939336463643139376633303864396530336230656139313934636166313166303236356337
62326536346565353464
