$ANSIBLE_VAULT;1.1;AES256
64636132396339393734393237303935343731373934663432386666633035313130383739353862
3661663566613765383235653563363538343930636563330a373465666662336462666362373131
66333333653262363930636232396564613634623036323963303037626437316661363733663738
6530343265316232310a626130653738316636303336343564376134366261636137336232353336
32343430346539373931306330623962636535303238306131316464343832313433386637326533
61376466623138653035346236383134306465353865323162306264613339306566336634633330
38653634636636313535303239643033393061346534616230666230393034306132323135373230
62336463356638356438376430613633663338383431323139323765633837336632373965663235
66326434323932653864316630623635353836653431383964376137643438303365323838653438
37343264343264623130353538633737313265316361366536323031633136363638623063613932
36323039326432373532343036313632383831366233303537623262316665646230666432353232
38376362316234333832633637343761633439373732666565356130353934386363626364353939
62303135313631353561316662623731363066363064346562643864353233653764623564393637
64303532643930643831636635313666396366396333316434623131636661616462366230383437
38326662393466376537386436386563623937653138613264343163336136653464656262626165
65313136366536363538396434353463643665623238653636303038623966363530323630633935
62393638336130363935643839663737393039663261663764313738626232643037613164623832
32366632363435353239353533303665613338323431323637303566623933336339386363366437
30343732653864333731613530393937356639376466376139356631633563306266363830323136
61363461383761386336643263626534613261666335326461343234666663323763353230353766
30383231373264383932313863396231623337373861313839303065646130353731366334343365
39633266656263363366393135393431353131323538343662376131663736333630623339653665
38653038363561633638343437373332616234356431326439623331396231666434636162343335
34663563346534363065663939626134653739333865303732646136613162366433656462333864
39313033346335376261653432633731303366363063653865326336633531666434623464313232
64653034363339653633656663343038386365663635383163613838636366393530386637326363
35303332353835626234653032306132363739653338623965626436376163666236636533383836
61303936306432613861633262336266393636356439383335366531333865623033363833306366
64623531316637393936323562663937386433316432396161343363376138613666663066313366
65393432653639316662353932623263353264616133356662373166303330346563623139666566
66396431316336636434626235646364663563313738346163663164396531396466363034363464
34366638393936623363366361666334663839373763363964666661623563303735313236373963
62623863626266653062323434386361313731336631303331383335346663333937653264343837
34326238646133306135643638303336376630383833653261303633653965326338663464616139
30623631333233613866643630316630613236313833366332343362373961346462393630306638
34343061383239386333356633333537366236353431363536303331636266333762383034626630
37663239656433643265326565626233663162643539663132393065376464616139383562323639
33363263396632316130343438376433343361313132386162666538343962636664353338396135
33396538623566383630376433303662623665646131396135346332316233376634353038336562
32663163666433333731353731626135396637333735303863633839636435336133656331396139
65323963383061366361333030353234643863623864393432613863323631636433326133373833
65656433356662643033306461646236343862323330623462653735353762306334303237643362
39303661626637326136376235646232356436333830613464343938353239343734663236393765
61396531653436336435333966363636383866323263326162656533366438613039666331303939
33383732303733303961363133623837623339303466393136383230613363313533633333356539
66623036623032623533303863353535336565396337346263633434653331306431353266396139
66373339333863626666383862663335336531306166393666633532333136343433653765383365
38323836663765353462353464646138396632316234323462613766376166663333383533633136
62333032646434393434343661643635346536383963316332343561663331393630663961326563
36313238623036613233663231316436393466643334643166303364653463343239383536326261
65336233646637333334333036313534376366316132396662316366663631303362623934313236
66323339623466316262633462373165306237326334653865393139303133346663313635643865
61633032373031616139316232396661666262396662336538313731643537356163396436303964
38323039616464303738656461616239613464316637653131623566373935656438323630316235
32353664636336386535636139656437333430326262633063333130366630356565386437313166
38626633323165353237343436623263623831383335613237383034376633623433323039376134
62646265333636643539323864626464336530623061636463383662656135333861366537316134
61316361393364376261313030383266343165386137393336366337633138373834646433316164
39623863306666656465386234393634346630383666303732343165363130383364653466393939
64653564343938656335666362303162363665376562353536396339633036376333653330376263
32343231613766636132306661323131303262623863643532393834336132366639663965326632
63373361643336643136653533386335396564643936643132306365376239343231333332303537
34323063373239336535326230383462356239656564363337313066313930343530346465383631
65363864316137353563356162323662623032623837643961333936343834613834326432636365
63303331663139616466666166306332633230353063323661633263656235653864326361373233
37306362353532353137616235633732336164356231373837656361316437623865343731363763
62613261666538346231366130616232636263356434383636653736643430303939326131666631
62656132636263303961373735373835333336353962613938366633656531393131663238326235
33646266633937633138323436643465336532383766303232353536326266323162643464356262
33666334353237313961613335613431613662346137303531636661333132643165303337313366
36343364396365633739373234623461343838373938306465663335356264333233613466643931
61646138386433336235326663333564653465643663386238333565623962316636613463363165
37336166323337663063306161363434366235663432333165663837616531643932613862386463
61383436613061323437623531643634623730383637653637653137343863633739313934343831
35386266393566333563633235356465303935366638646133666136653461623034643762373938
34356236313362336435363661313937613365386165336261383533356536373561356334393930
63386339666435343763633163303963313861646434353562336135306134623164633665366466
39366562396665616437323065306562323566333230653165356234646631653738653962346563
36643736633363326535356163663237376661326439666262303038666637643064626532366637
30383835633161346539353865646563326163376632366435353632396139626438613730313763
39333636353530666363356330383036656437373537656165383337383863313838306364313634
38373362663234333930306663313565343830303438396361383165313562666466363732376430
61313438343561306266623631653564386365383030663235306132383165633231653332343461
31373366323764643630373034646463613836303533373333646163376266366262323837616361
63316530333230623237663730383139306264333939316465613366366639316439353339363937
37663033343062303436356362336265393134383932636666646632336464313235363037393137
37346535376236393236666164333235353232333730623865663938323264626335333735363833
32303866326430656530643135656664306262366134303336326139386630303564383139396139
65363364633465363530353661316564343932313231343465363834383065356631316663313930
33383033633962626166633433333162633163346535313566363337313730663036643561363338
36313965646236623836306464353634313965313536303266316437373536343136396337343735
31633836643765316464386433376136336263623134616164343263366333613765386161656631
62353366303566366135393634343934653736343364653065633833376330653562633435306637
65643664633137316565323365386536393064393061396461303736373432336531306234373461
65373533396631653730383864376336343765353135636138633836643664306363356535653930
33333231663839313330363065663030633635353833323134336634376238343431663139343531
31353736663962653934393737386331336533393764636131323537623964383930626533653961
66656363653731343664623332613737383162313833306464373065323661663834393266343363
62653266616565303737373834303366333366356137343031356239373735353565643239613061
65323038383464663563393166393834386265333765353361313939383039623237316339643731
33363764613432336231333930643031363836626631326465393633626336336233613139636561
63653762396662333861383838373136633939393838656133363831643762353934616239313566
31633038373961666239626161626161303764643533663062613631656239396362323639623932
31343363646435373234343931353537346166663533656333373366626264363566343066373861
36356538376338646434613030666338386466613634393437633238613233666333386438363730
39613637653130346165643937306462383037353135346339393737383334353131653664316336
65636236366337373739393239323866396564326437613064333137346165306238346132643837
39653733666334363738356431656239313462353662366661326565653062653432313266663033
37343266316533393135613435636130346635336361633235616137343435343833383064353662
65313565363361336164323839663532653039373666666137373830323835333562356133363432
64313136623638646462633830616237613633353165346261346130396639643764656637333030
34653931326131353533613063383365336365383236383737653835316230623430396636353837
31383934643461323238633932333435356233306333653932303965386632343435643738633563
35303961323262656162616663656232333038396162643466373838343333343762383066353139
62363665643436313438363239303064346535353631336365663433303061333735666639633437
34333763613635333662333238623739393438663435353063383231313162343831336438313765
33313236623232363639633032326563373536333666386438363738313039353339663037643034
30363632366263396435366235393565613239613361383538653233653163316264313933303234
65373566336361313231663037303762653937393137373066666564313464636333366239643534
65386531383638326666386262303737393136663031633365306430363464373064623233363065
63356365373432656162306563373661616466316461346364303232666539363637323664386638
66323739333034646335393232616432353361386339393839303063633565363264393362356533
37623832663133643731366639623830656265633135303338663134313138666334353963396538
61303734346337626533633661623036393865376539663537326536353236656664646163313465
36336161636139363437623366336465303236353165666131616164616131653432613761326364
34316339633034333036353235633962613036616232373762623565353639646239353132343166
61303061373837643239353136383731646239393332386133656136613931643937333038343438
62393165666231346434376139626430646166353336666637643037643462333233343462653833
31313731666464663062323062313465396164636334316662356565343063653564613739396439
39626231323839323632303532363363353563666334376133316635386237306362313066336232
62393034633664303065636466633330613237353562653566643331393238633434356636336436
34336561643438386163343162353735353230393632393137363164376264643439613662353865
33363164626636363062616435636662373366656233313136663366353635376462613333616365
37313465316165623161313661393931363635613361323139613535343066623663373131666535
36343235633037323163363131643762623339366631333036643764616663393234303161393839
65323730633436366661343366316463336333373363653834353865633530333862626135666261
37636465336435643634353736626161313937316630656230373738366539663234663030303765
32626538346466643466393631623863353564636139386630303932393936383765653535373366
33386232656438313631636263386139656139633364323261613831356237343961376364366431
39643132326635323738366131333838663762353830353437393964343035353162383737323130
30366635393935633331396466656162373930303237616461303333663463383666613038333864
62333535303931666661313937623435343732376464656639643931376239313363386637326433
61373634346565336339346136633631313734386135356466366364316466646162633737336562
32656162353336616530363061666465366538323031363330666639343539633835333734646662
35373863326663623932323331616535646636646531626666646266343439333531336432633363
64643934633537323731323262353363393763323065663532386436323533616265643736346164
61313961633030366430396634616132373237613663626238616363363165336334656137643738
62393430346332663462616431613731376435333037613964623039643537643361383233376163
30666139633164386535363636633365663430653731383066343066613662613838623861393736
65633038323365393264636433653833356132626637313938383531616132613966323631323135
62386132616335613938653961636565396339646539623331303636613733656632653839396236
36373435633461376636663364323762363338313131353630346663303738653132396139636339
32366165623065623661343662653764323736356333383631383261323638346166633639366163
32623638646566333266656664393830653464323034346232306166346162336433616334613163
32616238353236316635613365313838363664376564396361366537303138346432333063663037
61373266613561343364633964326265613932623163626265656336376236333834313963366336
32666635383435353638383266636236383866373332343266633639616236336231353632613334
65343335653232623864393539326336393834663131656662653961323137646239653461306665
62353531396332336363353538353835393434623762653064336236653338346436356233393961
65346234313931623535363035623935343766656538316564376433303637636364303136336131
36316332323531326634303433326131356438346135343633363438633136666231643661643739
34313462636262343366353038316332316565366532313564373533393330353433633734333333
36626462393664313062646164656163613939363932356266363666666239613930373562386664
61383432616461353734356264653730343231666665303532626634653537346538626238326664
66363064343165366338356364653531653636303364336636646463663636386433373964393739
33623362303866376336626630623737623164626432656662323566626665353138613434363437
65643634306131373939393234383433666166626636613132383134386235303739353438303962
64393030366566326637633861376230656139323830353064313631363938373364363164353838
64653265373161663235366637363466306635376532306432346464356437623037386262336432
3933306635303865623233316636343733613236613137623239
