$ANSIBLE_VAULT;1.1;AES256
65373633313761323632366465316463306234623235393665366439623663666633636630313663
3639326131353039623237656430623035623931633362330a626662653462346639643132363331
37376665663935653366393035663535363630383465616139353762613537393463303036393032
3038386235346130350a323666396135633830636266353135616632333035383764366235326533
30363837333730623131383462356635343939383833356336613231663861626562303762616537
37346466353031663436336531366564323066633761353463393966316166633530306266376335
38313333316466326239303832626531666338663462666262333632363261653561643734353535
61666337653239613536313862333166303362373634383437633939636635613234616237323864
39623431643430393661326433336339336532363438633838323737636633326530643466373064
37306261383936363364343134663935623735316231626332356561373431383237626430633937
32616265303334656339383062326361346432306364316634613766376535353865313137373839
65623466656632333465353039383437386235633536316236633136636238306161313230366465
61306531636231323235633661366337616538633632326436393261633639313537306131323237
32393761306136646636663361393939303436363936653535616563343333303432333766663234
64323733363331643137383832616665666631356531353539386463643364633132643634376132
38326436643564653833613930616637653436616531343331616132326166663863663433336336
32393561303866643963616339363932343437366561366531393230663561393734623365336639
62636162316164343564383564633132616338363636333733356564363166303864396562343665
30616637353161636261363065386432656166393537633132643266316265363030376162636534
64613864363230656166613861333033653237393863333539333932653537623739356361346337
63313763383735666638333466393165353662666661326262653665623538316235343066666339
32343261326234386337303839643663353535366663353535373232326361386562376435383735
35663866323735656436623761323435666536653934633839356337323762356563666163663039
30636430346363613832343563663432393030373636366231316430363139663464303239383830
39623333653562636661393437333830306362663961653838626166386334636437633162383863
61623833373335303934623735313261616132653139313334323039393962613366646461303835
39323362616638346632643430386437653935306564323266353136636665343735353838663432
36653963373732623739663638373266313034383037656561326234393464653034616562336633
36623835666238356238623430383463636630343265343065373164323434333033653761326233
66306637323662613738613263626165633366333039363166616232666638333765303862396234
64383033663338313439643831396366393739636464663765333039626436656135663565656336
65373935393237313062623863623332356565656632616331653465616130636637326230616133
35616666616238366535653766633434316365303865326638663332626466636634363532373634
34383635323731376431363439303038323937393861363237363665613634386562646264626537
35666262373537313537663434633261336466363663373037303634373936313563663032383062
39396566343139303861653465383065323838353135616339643535633038376137336432613336
65386133613536373438663263666666633366393234646339383864666239656162656431633332
32663166373437323037393633623262623136613133613763636132626230656539643866663738
37313532653638333636613438336532356332383133393064343035633565626133653465373231
31316137306338393762366562383334303638346431656365633432306131636636373739383332
34313530303934313961353335326338623634623135616630643235356235303630393663363265
62613731363430323533326465396530333337303338643663376136623962336536313561393838
62356335356337363435386264653435633936663364356161613634373335336139623063336434
34336363643162313461353237613336623064616438386431393766353864623933666234303565
36346330336431383830613231623232356235646539656233393930323439376536666137653638
33623335626234633261623661363830656630356635396134646466666635653233623464303261
34383666376162623034633230376264653633633561383030346663623264333065316533316662
37313037313032613432373836306362373664313332313666303161396139343030626539386465
38396134353163623563636137343665363262653937666566633062633031326132616162613334
30326561346263336663323838623465333166626366346331353965623537316137343063383935
62303461346638326665353035333966363134316664326661386364663233386531626236313734
65653531383130396430613433303131353965666161653363373266656235383966646261333562
35323165313138616531376431613232613563346364643732663761313637383630643331343331
39313137356566636338646138303237656338383139333430346633643666393066353164353166
34643235323961383834393661643637646436383461626335373566363835323232393839323339
64363163396534666637383634353164343965623961306434653566356535366435396435666363
36346436316563363435636639376166306164383832393862386633376162663066636235666261
35616666303337616535353332313939663130626665306534613735366337323037306264653061
65613830633564393161623665303032303534333934613939613362303165363763626462383564
30663261303963623531336362323736336330623166323861333338656331363236656564303231
65663437346563613966643335653130623135346432626366323032333862376164373461323835
33346661363236366638343539346137343531383533323538363364636236353833383038313565
61353065356538643464383065383235626466643030613933303164366365373031323535323263
64643935336330643237316334373830343562306164653164366332363739666333383838306130
63396363373637323738303234633038386436343361646432323865643266666239633333313937
63313161663762356365343138653934313534323161343064646534333631623533353735653866
31386363613039353763666336643230353562383333313538633666313430383165343131633530
38616537316564363937356462386331313861653639313230376631336265303536346632636662
35376137303662396432333730656638656361666135613362633030663166313665613737616665
64323861633537653865376231663330323266363963386261303238366564646235303239633139
65626465653765623631356530636138623263626663656336636530313138306361323731336363
32396239613938663932623761306637326234653733356361613066346533353965353736643631
32396137613561303530316636303131333230623439373335316364316139323965653037656135
61343133393239306637343438313965383761383135373034376437633637313734643436663561
38393438376663383136653939326166656233316465656463353764343463663535613738353534
35616530346437343062636364316131386366326134356434656637626635653039626130353139
63636561363731323761623631623265336565633063356362316164666363353439323433306432
32346237613066363230636436656164313331396335383439346534613265613438633366333436
61626335396539363738323964313737366461666533613761643362626434613535346565656365
65323931656632663031616134656232363762323737653864303264343535343466656232653162
32356363326536646266396433393730386632643466613263336235333532376465383836643964
64613939353838616264393234383363383231636265363330386535363335373636343962323832
63326562646664346361636132653031613065346166316265626465666631646462643963666563
33326562373838316266353365376134623063626430346537353262616236396565396536373431
36613465373064306565643333396363363765373737313463646264313031303733383439666132
64393533613636336236343634373865643732333131393738373863393866626565343931646331
32306661383339343765653238393738616531343138633366376264643863653739383637313065
30646336613431346333336363346264303737363635353235343634623363366437663339363036
36323831306134303665633037643233343435356365636137303563333538333938356239346638
61346434396635316635383536383832303031323139326561336639616438323536633564316466
39636139633139336639643234633064643436376665383335643032326235383266623766356666
61653932306165353466393733616636386631393461613732363036663930363731316438346262
36366435343237366538613837356539643234313865303131333730653963613838636662393130
35356231633462343231633132616461343739366633363230646132636566653534323335666163
35323162643563656535396635613237333764653663313534353035663563346234303761323763
30333163613930613135346137646466643030316636626162303639333961386230316134363338
63336531636365323632386563663236633664373163653665386563636662393939663135383539
32333161386161383735383330643131626334393661343563373962653935396165396632663864
65333761376631616535303264313535306136616638376165313962643830356164646164366338
65393930303235353131653735336633386537613136303736366665306636633930373562656234
66623430336334613631393933363661656661316638303637306531343431323937326633633866
64326438616137313038363962393431626431353262373831663537623831343036623964623638
37396462663532343537643432366264653665343134326461326165373631643333363865373363
33356630623038393431643130323462393939633832353937613534616231383139626136663437
31636330323466366637663166666162316462326231376230393531633934386236613232313465
64333138633661383937333531653431396162303162303038383861643034643939323138383138
32663739366539613031626433306161653831393639623766306336333734326464343335346462
31613631636634396266616233373337663537303261393864316239336261623461396131326335
61326466623062376363373037363335623363346466646233336434393131646633353835663430
63343165373265356263643661366436396461613866303962373932396238666564313235633631
64656239313463356235306461323138643536653633636136626364396638306435643530333663
63646236613765613230343739346639343566626531646166393739626339393432336361616430
31643336623965663561353962373164303031376163643333616162636463616164653330393865
30396133326338336334333765373665653462376235366636313436363130376335633233333538
63393632333435383762643564343038353435376665636165393964356261653563316633393138
64393362623332356237613933306261623834636631646262613633393630626439353464303931
64383039383837643861343338396233376266326132613163336165333466616662353266356637
38633638613234666434656137383432333763383635666634643338373364616564336532666633
30626235333039643837353463323064666562343531343332633766383130626133633736613136
37313638303934666666636261616531643865626262653366643762376361343963356164656166
61633965653535343337656465643237303530643631333461663039323961633262323337363737
64666263656564303131373963613139623361323365643137353034353036666330393230663039
30373337396461393335303061306662613539633836323238373035333561663239363137646164
38346636383162633339366665613562323335313666373335346431323634383939333030656339
63616331383532636234366265343564306133633566353634333462373734346237343562353635
63306238616532373732386638646638353262653032323534653265363261613237393436646562
30616137336133633864386339373866303365363138316463346230393332373739626230383036
32356562356335313565383761396534643337336236613964336134393937316135383065313663
33386266373038306664343931363633326562666130383463313330353132306336656661306534
39363337356334386264303761393861326333623931616566613839336239663436643364653334
32303034363536643833643236386639383437613531663134633861323937333164383231663938
39656662613539346138306136613763313865623363633963326639346236353532353735346632
37663636393766613761323234353832373536323236306564386664396633343561396536626536
33613262636139326533613134616430393636323330396165303362376162306631363666646533
33303838616436343635333163323661613162363161636530343635376237313461333536333938
36336632363131363138633965313338383263313662363535373432303235613363383632313831
62613963323631613833306664323365306632323165383032663631616266616539653963656336
65323062326635373563646434396265303231383966316636393435366234373831363037393434
37653561643166643562623533303531636661323533613430376232613936663665303436353430
32326231646136333465316132363662386262373263333739363734373939363536366366366635
34366437343839393531376435643362383434383930373662366137333466313866313539666437
30363966643339373761636639303662376331616166376436363564643131393765306564653566
35616532383230363335646466326632393032653938373336303264666436336239336366633235
30343966633931346164306561376535353834376633306535306539396263623362646465326433
63383437636265363364656339386331306463646537616439393637353563363137613335613536
36633937383061333233646561306533623338613833353238323431623635653861313062613133
64393265356233653930633762363330623331666531363063636265336231663563356437656633
63306665373930366533623431656461623363623534356362333430306566306432616531313136
64616635393864366439353133663932303834336534643638376333376461613363376362393230
31653737633263623431613535343033646565656234326433393731333065653737393163383735
62626664613961346231386265346333353639393461306135343665623732623534353563323834
64393061333135326265363131383337376464363838626661383539366338616463323266393966
30373639353033373165633039663463633634393561646130616662366632343731343561623239
65303839376336656133343536313736323737643962346464646366633632326661383038613339
63373836326136643331303535386431323033346632643561323239616264626463613238616334
65616233326165396462316539393534326535663866373861326335636663303964616464313030
63666139616139623862633234656235613533333764306133393366633231383663623662313436
61653930663032396130373938646333373238643362393461363130373234323535326164313633
66623133376539306564653136373831626233666331373533666633633362656236643935303136
63663434333736396534313330356531303761663664333763386263326638343366306666373432
35316433333231623933353933626332356132303166646632666439343639376634643734613732
32303332656365366438333838343964623462323366363930363333313262616466356435333436
64316139336465666131643264656133383832626630373535653866653764333030326633306134
38326662646132663966366133613031613736356533623633363462353365353732393066373766
35343965383332316364663832656161323832336639383530313234336637616233326637323836
65396333383665663265643362306562666364353564393631323566643162393365346436366561
62383563666362376435313238306530633937383634643333393163373438336434353436386539
66366563303164623735616137316637383434643436623765323866323430373633626539663637
65346232613864316434663962333561646432333731366237653030303538633639313662386631
31643338623830663836653362666461373431653863396231653463633739613661653364343235
39623739613837313361376135393363373461616430336531633161326536623230313438633635
36333432653564646337636163616339646634316464666637343066386563353564396338373466
35386637663066346134626462643032356530353964336361616362346464323533326362383035
63633865396263633435363566643230383866306465393330653339376561333039396239633230
32646634656236396664386465363530643433643938393333646433363736393164656661333439
31663234343836333235393261663465376565333232383638336663336637313137363136383433
63376366663130366166356338343363366364346535303863366631656139653131326237663030
35343561616535343865623139643466333332383637323039343138393663633433613763663061
33616266386464356236396662363764663234623035333534316162633165393435313038336561
33396338376666366238313666613834653936323839313163396564306365383032393263363832
35306133323433653634363765613639653439323135333235636533656630346161306365663530
35383931306263633331353866633064373737323562313965666162346332363236623862363930
38633232393863333464643964346461366565623361383738383362343939316361366333666363
35623533303137303063666230633333353166613030313331636361633239633930316365613465
39363662336462643937323333373238633864643661633336666338656434303566316135653031
37326233623164383639636461623435396162396362633364646532626161616533633034373132
39326662646661303137663738636135646434373063633637373936663036636532356662346637
33356636656663303935326430656530643939643531343330633466333334303630663230326461
65613339343734646633333032336131353239373031343231346534666465646564663031656263
64616339323734646465666439643731646465646230663561666262373237643039366437666265
37643630366232333331623664346363333337623330653432343263303466663062666637353339
39643633373434306637326237303965336636313266323738316264346563656637616333653139
63376331383731346361613165666463323231653737636538353133376366623537363431623865
63636539613436623963623037636630616266623062623962643434386165633064643964366562
39353661633836323039326163633135646534616335393531343562383234346431373830366138
33393734336161326664313138326238376561663961323932323834333333306438363836363831
36303434396438313430393031323934303835396338666366643339383231653234663066303732
65306437376365343966656164653731353133633033333966636233336131313537353238343431
62366563383430383339366266646137663366346635386433333264663038376364646666643162
37633930663235653066346165653531316563383939656139326162333362646364653066373061
61356464343730373462376663343265386231666633353034366662646366656236386161323037
62366432313561373866373130393764626130376436373231313932353135613339343738376431
62633662633938646433323931303539613433663235656234613561393038333138316464343262
64343933383836626239313834323366643366336133303937653937626366393137396366373164
31303237613033623931303665346365653530336233613866346163373163393762333665616664
33343864636561663939643266613662653831383964626664663533626663316532333337396439
37346432393931316230653233613862633763316131333730613339643130313566336564303130
30383861373434353635303738333030646132613039373932313733326533353064343763326231
61373935656162383863636437313434376133323662323939666166366361643730323466363338
34356633376463663637663433616661326263323461646662623564616535303939333635333665
36386664393761323062306334636539666163663065643761613231633566366464626631333365
35636664666336383433643037356462646431373833353731663264643938346338326636353765
62323630306639616131356363383461336338376131636239653137636137323463373737626134
39633130356536633865613363353832353337616438613361366631633534353935333739626436
61616433393237353661373739313238313638313136363837306630386438346630356364376538
66643964373765633134366364336633626163346463343061343931643839373232396532383462
35633066653062656432656637376466313561623466346165316161356536323439623465333734
63346131356663656131653230653636376235383463316538313636386562313438396434343132
64623035633663313931623230383136383961343163386561663232363939363031663635353962
34353635306434656464343564396266666634616339323461306261316537646466303966643439
33663662323534376464653835383835653732633537376564366134646637376236383131666435
62363438333934653761336337626433303139666465306162383162396337376263656666623839
64663765633734393963396432653231363838663832343231396432393265396566616234663839
61353034383566333937373630323563643735376664393636656431653530643332303163353765
63373665623538386137616162643564373863376266643234373230316332356465386531646437
66383461653132383932616661393232393033383262626332303632623461333139346161623564
62356136323133386634643461333831343836386434353332376562356335353439383736663733
62323565366164363331393765396238323430363164383738316562356132636134653838653164
66636135313231303132623162383335613462313031376635323830303766393734646539386262
65653433393662626566373666613330356235356439346134353930356466303061306536656436
30643966346332333362633865643466336364386164323461333030353736323431613237313934
65336330373363373730373061616436356532366236663830333330623031356662306332333736
33356566343662636630383264656431646664656530626338313530636632366361
