$ANSIBLE_VAULT;1.1;AES256
62663565363061646136396265363465373834383236643866386665356130616261643433313466
3431393834313231623065313161633934303239656365340a333839383861303736333461363133
34656637393937656638623063373862363461356364636566613866366461333565336637346636
3637613266353065300a333631633063643835643233393264663932666563626230633439303333
31396162343031626362396564643262316263666261636630643233643162643335333730656132
35616261393031653339653735376131663734643030373735386538633934633537636664326562
35653038636532643236616334396630353035666631323833633765353361626266363836323661
38396339343230316337613339363063666635646531356665653338333166303261353165313234
38653338636666383937326265333562386136653462663734613564353431316433386136343462
35336537646361393730336364383439386530353363333337383239363266613637356262373566
63616165663331633661373162666464633437306563393463373533393233643061656335636663
38363233626136616364323066393932643436643564653263373963663236376662666535393339
66396362616637653365353765356263366436333463313531383266363737626630633964366664
63303865663963393665613131393838363965326439333963333234636334306339383163396664
63656537656339613334316639363062343031343830313138663937313265366264336538306334
34386334343062653636386361313139663934306663333431303564313039656134303435333032
36646562396639613236333931363862636435313635383937336135663039623965303866633663
62313139333661616365623732646232626438663333366365373531663031343564633435383239
65623237383436616235353066633434383433326634333531313963376366373237626139376630
30373238663466313531333437303433623262336337346438343333343062383765343562303039
30306266653865353730396132643964376537616633653263373663663262656563313236366132
39636665666262636233663165623730646465373530613434653333393032613534303238646237
65613035633934363764326661346430666662393832383533303661306434653839396530643365
61346630346239373538656234316166343132393634633964613061643439646261313430346534
35316638613536613430333962386331366339303166396466393632333063363736363465663035
37343939383837636563643539663636656263636431363930366638353865393735663462316434
64613865386235346439636234346637333935663334613039623136656335653237353432386537
63326333326639383961316632323761663165653138373537343136303937623764333934643033
62376463353764393863383732623461633338343563393364343132653335393135323661353537
65393235346463306137623938386536353937346135323437373336333833623765353764383133
39366430383331306364386362653534396661306463633330373931363062626130343731653065
31353065616466663235396130643535396139303562636532366633393932323766363032613164
33353131666133353663306363303836383535396633613362633866393639356465346230316662
32363561336132666233633430353439636334316334646362393134376530336263363761356662
31663830636333393964633132653332333533646339333638633135663063373064353539376437
63646565333166633064643163366234623032626264636335323164336439616630633061613866
36336330643433373163386663333164666433646337366333653532353333643332663938313863
37303032333261316664346433653237616663343930323730323330316161393930366533636432
39616361333162323632663537383336396332363862386162316134633062313433383132333334
30353165633766393036383835663264633736623061376537613461376639646432346561303030
63383836313037666265643336383336623763616139323862663761633031636235646365666339
33346634303438616363653235303266336261646363313531306662336538353536616364666437
66306334303761623539356138366332313434663238643162633031643166623434616563666634
64353939636332336635626232333562356263643564336530663835646430633934333938636334
37303230396165303565333735323562356164333337313264633032323832333735336162376162
37393737613331356239643733333035303466613839393631633566666133366263666132643130
37623434336432316538343263393437663335363932396231383736333236363034363463613665
37353062646566313062376135626435376165613535333366353566323162326564616130386330
62366237346665613336363632666437343730363739373461633465663137633432323736303837
33376465633462376333313265383936383035623461313031303965393536373865336234633265
32653830376438306637373031663530346663313964373635643364353232383465306239353564
39356630613331343630626264386562623963366337386635616562373062373131313634623831
32386339306132383430653331343734373334616534303838353732653635393363663130363838
38626534323463393065396532326363613261323763336530356562613839666637653534323239
36336664626363653633383239623138383161333935323630336433613532653036316535353035
32396239353939626565396561656366633764373062303034336435663135353863363436626438
64653933326537313963663437653237613130333766356338313434353361643466653535623262
34353466306535306238336564356462303732376566353133666635376335343535363930373463
34656335626237656635393938636237636362643564316265656137303765313030346464363935
38666336366265643338343931656338313062326638633266333062646330353763643232363761
38616462333563383862653937653961636330336538396166393835653733353130356238613133
33333461303637356530653633316366323636386433373538623439353330323633633631653437
66343437363864393533373132316538666531316438316332316433323439363466313537346339
35646434656330366139343533356236396564376161663031376564343464373262633263656638
66653336373762393130623831636230396466643132616333613630633264333039396464353431
66643066306363613539653566323339656638396362396139646436353131306661626364373766
32356231303064363932623037626130356236616433623366656430303632646533636463316438
64363366353530316531356134323862346561343939613838663238373931623831633434393439
66343231393962393963303531623730613063323063663130636164323365643536303237353465
39633538353263313264373137373934373235636465336539393737646632396264343938343030
37303864393635623037633632336533373034343232633763643433636362333732666466653337
64353866303362613732663831623766323638633665333337383064343436643432663762356362
30326366623336363662376632343962393062373662663034366435653265376232323936323234
30613936363563333862663836626639306432333165626664623462646366656431396538656261
34373063383461633330303662383464656131346563306566653761646336636137353866313761
30303963336530386465343162306630323631306565333764613635323562303232623161666435
61373930663034393561626264623230393864626162636631373938353564333634336638666431
63636538343339373565353330633839363965633130343065333130346465353639623432613462
39373563613833663664663264396632623234623561326339316432636137653936646366373738
37363934336633303331323564666236326464633462656233353764333536623131656533323633
30376565383138646338323263323830356565633937393561666136643034653636666364386263
32663131396630653363653164383337386330316137616430343066666136663463393034393030
35626236653265346466666131363535383264626630636266613837643331643539366162653133
32363565613937633133343865333064326133356236356437626566613930383562363631336239
39623131396139643031306564393161376262633032666166373166323630393531663064636463
30386166633032383635313232613139356666633635373861313162656261643037636466383566
33633864633938613834303938393739363335656635666136653565326438353533313033373837
66336237623563333338333563373437353230363966633234333132616264383334393838366339
39303031396166313634613538386266343532393635313064636335646362393938613561323263
32326162393133393863656633396434306465623030626266346466386439313039343538356636
62366135663132376631336332656531333439336332353762636634346433363135323164383135
64623030656434343037663962633765643936333831666664616236363732636232383030666464
30663262653935666561373636346364613465636532663766393836613031373438333064643464
35666232656630346139303366653563333138356635623066363730376362313463373865386163
61343733363361303930383833316435663463616332373966393734323438376663366134356331
35333435366564386534326135643164303337313139303162333735643932313834343538333735
34313263383663363539363338316336663937643864643435333532336537623263313561633832
61363139353663633731306163306264316261363163613962303230663239383931316131326164
37366638346663346661303865306535363362353734613361306533643733613764663235373639
65316334306465353032316232383663303366376132643736366462393539656635393461633461
61666362363037343438613434633866373536653634353164393333323134633138613535623230
31323634313839653962306238353130643531306462343161623461646464353738336337346466
63396364353831636234663932313633396663396265666532376261353566616536643030336262
37366163393437303961636138373930323836626536346365373461393033633863316165646638
34353733393331306662356533333335643766313865376164656638383864613436396635626132
37356332343639303832633234626436316464333530353533316137643139646361626333653531
62656363326638633166303135303764373831623766653031346539323761393065623332626131
31643237386433343764633932363432376562373339393964666464613762633061333933643262
62386565653035346662313365323261363937326232386661303137616334643432363736376233
61636461323265366635323230653636393638663436373039383263323365383362393566363366
34616433653230626231653133653630396239663331626366336163366132363562336563666537
31333662663365323639326332396364313135623532376638373830303961373732326466333338
37353662333131623931396364613334616166636538333736356132383738613439313866323839
33663131616335333463316633326666306564656264333563633130376564353566653933633532
31333566366362386465666631373339666232646264623062633938393334303364303135633661
65373433653533373836653833393364323732623731613939376166333364376337643038613433
32373863346131623934353065386137666634643663353933333634636638363335343361386335
64313830616561353438633764303733616235636332376163323936303263656262376430346631
35353263353363353562353337313764313566386338326664613363393738663732626662326561
37663232303638303933386238323963356132393934663235363631383931313062363163633338
65633030343434633462303661613432353835316237663536393338303464636234303538366531
34313634386431303732363236636437303437363936393663386362346464343133326164313930
31663932323163346132666637326663653035393863393830333032353830653837666133653935
33653832313265313533633562376337313134356264613134383130643932316530306233643066
33616366356163386364633966336339333664323364666131373534356563336339613663346162
31353632623137306665616365386566323038313437343532363838306236363333616131633637
30663832396362383463623165353436353237363438666130383334653335633639353834303666
32646236336562636332363039623332323837336233373633663337373162303835633431373766
30363137326230323138376139386330306136383430316166343838333537653136323135366162
33393965336436346330636238643266303434313632346266663265643533386462313162623837
33356365373335616532656539323135333964333432396164353163623431393939646162313531
61663932636338653437363962643231613865386362313963633561626265316636356236303730
34306635383133356365396433353832323232383133353864373430623965633762613766383862
66306532313035643235653231363765383934626465396462646336366635363461373430383965
38373764353566636462383935366361353864393661386166613635353037383963656430353139
35636264373139373538333564653965366130326266353031343635623730663939386339363930
35616134336133383739643334386463326632353862313161306631373537306465306664373430
33666432316135363438363562653963373432626532333436616637663331303930383764353131
65353432653661373061313265306536633162316665613538386337666334376539353536303431
61633438366562383539303436313034313332626566376438623065303039613239623730396264
62326635333834653537333036623532626635643733363338326432363530316535363636646564
36613134346237623336343334663435353866386630623139633762653666653931623537323635
65343636343831653862346265623432323930643464643532396361636638393965343166396564
34363533303530623738316237313463633733373837636634336639653937323161333439333966
61333333323665313930306535366131353238613865636633313563316261366462343634326464
34633934323838373563626533343033323430643731383932376235373037633537643330623263
63363564653530396235316464323465396638363730376463343537666232643438353431623364
39346631393665343861333366343963383738623232656266346230643732383965636339396236
30326538376636666439623532336231616432373338306134346664393834366666393935326334
36313830663837653035303436633534653863376335373164613263656432336433623134656131
31313365323265336637373638623032636636623039306234313337303863396430646566666666
31313436303861323433396138383833323331626362366363373638356436386132376365633666
32353635313436353661643466393537336535333566613532363363353831643466353461376638
37623963336332636666343234623861363239313030316430653433393932623737393434366365
36636531663666346636656432363338613234386165653239393239366565363336653638343138
31326634346439396637323266666264363336376235653734653332326438393861336661383762
65363136393966643639663838366235623030323665613936396137333839396164383862386232
64636361353639313231656233373736663236346337653738643939393461346233623633316536
65616332336236343431646262383861326563393230343532663964663363353164353162633635
61303831646365653064633530396664306266343836386435643162666264346537643736356332
30636537373433353265343432623832653939363538316366383735623062636638386434323433
31323832313239356665656430363166613338653033363765666537353936343233663034376266
66373733346437653135346461666263373063656466633830323562633062623933336531343066
37333362613939393234613738643963313637626361333130646565353032623839303230343461
37666465353734383039616666313665303036623931663434663163626666616634303561623561
31353037376630616331346337653033653330353736636464343763646462663037393030353532
34646163633265626634306131356634386230386136353539326363643534633934366563646639
31623361353563313961303639353932343038636233386239653838333635643036323434383662
61306434373538623330366537656336393535643735306135633265343661333862616261626365
35313637323333333038646533306333323937393933316636333138636437363237383339303565
39616530323832313732393136363134386631393864656538353138316637613263653637363636
31643364626436343763636339353565656637333962333362366134326438323531383365353235
34356662646433653531356539303834623533613435383034353237653733393333363434653732
65333934643239633062333339393239376139313437666338623230343835623062393561373262
64326536353064356336363738333363646530613566326239643236333763616466343561623235
36383837373432663233663537653463613434306566383135643665316530346238353261393834
38386531373535616365393334346334626633386434623062313639393064363562656434383038
64393865326161396639643961323636663734396332306432613862386664626231373661393433
32363438626131353432346535323436353436306363363931336638623137366531663662303332
38353838666139323434376632366363663561643562383132666562303736353032323933326261
31336231623230626664353066343134383639613664653437386635636262643465323366333139
36333834323932626138363963616561643163656432303561386561356334326634633136333363
31326639653665643235656438663535316637363233363163343235623739383737396230383566
64653764393661636230333733326234646362326230663534303039316336313534336538353836
65653632333465646533326163326639306433653839386430336365613665376237613731323963
38303134626130303739646232323162306365653036353332363263643364653238376164613165
31303234646234643336346537353961336265326339633466383935316639383266383633383066
35313631383565346465623466383934316330376339303163363036333163616637343032653030
38616239366161366336336439383832383764626461393538363335346665333533373233656463
34653362376339633038623164323930633038393632623164336563666161663632353739663230
61343339653237393365663966326337623733353462383838396264623035633830326237343433
33646335306631373339353531383264616662346565656666653261616663636230373337313131
35383361333037356631646530613031373333313063643535383438383136613034313762346262
64383065316432363732373733386232663533643763663339656439313136626639383335646538
38393032643530396338336163393636333730383835393238323431613866633163626637616263
33616632373961366431376562343063306330396534653735393061613836356636666635623934
39343930323931393466633930373164323037396530343963323661626365613566353933376262
33646138633362653936366266646565386662643161643565663331386462633933393164313063
62653961643665303830386631646439393530383637353833626136326263363062316433626433
31613534663738323232616663656133653365643835353765376537306265653534653861316435
66376361343530333632363232313837303639383334323162626463623130353134363730336332
37316664663733623061653463303939653238343736306563376533623436346233323037633133
32636536356363323039623539646365303135346331623537383738303331323463323262363761
32653166656338373936356337636461353265633462366337386162646631366262626438323137
61376335633834666564656361383330343933353433353965343462653634303231303966343564
34316535666537323937366362303135373630663766383134313130326465376362653165613030
33666538633437366536313637316331313965333264633063323432626662653732386331643861
36313663313366333761303737656234646338363735646164666165306235393739303461383734
64623664663865613135316439383436323436346431346565316237363263666136323739346164
62613833623432353836326435363536626165633634336332303037353561626461396462613966
34666130373537623039353136343732373261303162386635383136346433613231313663346533
37366136623261663937363533366630313864363035623130633466326134313935336239643031
38316534353939343762396663336666646336356236306564303161313838623061346536616537
38396230393762376666373132376435633635623763343439393639303337343530613237343062
35323431633639343266363366353961346137343234613337346233343437636565386562346337
66316635393838333738306232386135643637323064353337643434623030376132376239353265
39626462623031343135346265343363316336303264303962616366363061316138386466346435
37643239643637386239323233353639633233616330646365626532613632646566663039363030
62363339653635343462306261363138393036346230616466313864366332363238306337353136
33643232623636303235353837396634613565303434363730313865646436326136336230653363
64376562393562386162643432383639306465366335613764353036613532336662333263633730
63346531633436346634663239333633663361366234356265386330313330613066626637356136
64343061633834626665386334653166323336643163633035646635323664383535393063626431
66336165626332386237333634336636653435666138363534663861636664363330366136663862
30623433366463333261653739326333643736353239366461623032623439303633643830363033
65393237363238346236373139646534353161346636323935303461616130363466643764646333
39333563353264623765373164303739376137396235356438616365353763306431336530666237
66343263623030316166353236356562353032653965653230376566323034666539333838393063
37353838663934646438613530303433326465303962646438333230663462373937343165653137
30313436643332356464396137633334633663663262333966353937326530616436623530363666
32336466333935613138356566353731313738663662666665353335643637636136333039323038
33643932303961356438383931393635353334343337303761343837363036383635313539376366
62333135333165376130303065383136306435303436616431393666366633623061346162316163
35376132373439303964333430396331643831653730616636383339343734306433626132613230
33343832386333643163383931376533303561613235626664643937333630656634656334313763
32613436373630383261643965313834356565386133643038666439623361336134333161383636
30653336336438353733616130616335373136353132306637313735636232666530666632383136
31613235333330303961376634643133326437316662313930386539653531396366616131353663
66383331393335633631373663633534633235336366393266613161653763353736303132363165
66323939393938316532316364313266623637336631303333353531323063393935373965656635
33303937333163666164306138353162323465643231336363356136666139303839356231666265
62323864653166653733613538383336623434363362336338666231346364373461643064393130
35313939303935373733646564343461326364343534313338616233373463646366623239316262
36626133643231616632343032623836383263316338336261393064333931343135313661393035
35313063626139633235653163366235373933646239643336663531633732656264636238316531
66346432646564373265376134373636363163346233656161376262353336303734646433383834
36616461326631383766386134383238656264633934663864666631623131666233623734623364
61323561366562306265303233336664333736383834303163363134633430326161363962353130
38383434633135393062666662626431346531663665633438396632306362633166343637363635
63383064356132626663633732323433616663336138396438643638303262616131396637363663
62333536663462623633643366663862373665316330303665303138656638666366373066356630
65333365356236356336303935633166663065376363393332376665613835333037653839626335
61386663306435646230653436396639313432303437376464363730623133343064316261643931
62386161303737373564333135316161326565333730653436306231386461323535363564343134
38386235343764396564666438333635616237646430636438373263346262346637623536613234
37653031393933333434643562623038653631626637626335383337653237323563393262333464
32623461323132323034306238396366326233373331343037646335613764376634336138343138
39316135356436326234396434626136363934653935633538656433393937656338306238383739
61633631303131643432336565623333656134356437363134373363303337383532663036616132
61646336663433663634303965643639383338306637303265666432353535653766346332656563
32656466303539613933353661663965643761326464333265383736373763396466353937353665
65326562326439303233366330316266313033306338616432323138666131373837313432343638
61653334636162323066356336666661393563663435663938323231316662323765363136626237
64303531366165393464306530353164636433646437353332653936613231333136613738363132
38636133396537386562333039333261336366643835616239346439306139383165623438666465
63346164373134393438653964323233613933636139373032666361313261356166626539613663
63363066643161623061353530633438623231363566623033316639313636333335313939326435
33386138343265383064346566353761373465643733663934356563306532616636313164363865
66376336326161653833373137353638396633373861386130353261336130323162373166303764
37396431323932613933633838663766623737316163313736313561646565333839393134393338
38353532666662643834653537613036653963633765356134333234633831326431643165346635
38663037613362336635643763363730353866316330363461666632663165346263306339323165
34383565396535393137363163643837663837326432623933336166306564633666366531666338
3465353434376261336233383233316539303637316638613431
